0 1
0 2
0 3
0 4
0 6
0 8
0 11
0 14
0 17
0 27
0 29
0 33
0 39
0 40
0 44
0 45
0 63
0 76
0 77
0 79
0 82
0 85
0 87
0 94
0 99
0 109
0 111
0 117
0 123
0 135
0 138
0 142
0 148
0 168
0 178
0 184
0 200
0 207
0 226
0 227
0 228
0 250
0 276
0 288
0 290
0 294
0 306
0 317
0 325
0 328
0 338
0 344
0 359
0 368
0 383
0 401
0 411
0 418
0 429
0 439
0 443
0 459
0 475
0 478
0 480
0 490
0 496
0 500
0 521
0 587
0 589
0 595
0 599
0 601
0 611
0 634
0 637
0 698
0 715
0 767
0 772
0 869
0 896
0 899
0 901
0 906
0 908
0 920
0 926
0 953
0 1005
0 1049
0 1060
0 1068
0 1075
0 1091
0 1106
0 1139
0 1144
0 1145
0 1155
0 1158
0 1174
0 1187
0 1193
0 1194
0 1225
0 1263
0 1268
0 1296
0 1321
0 1325
0 1331
0 1337
0 1339
0 1366
0 1396
0 1398
0 1451
0 1499
0 1507
0 1529
0 1592
0 1668
0 1677
0 1680
0 1685
0 1691
0 1705
0 1768
0 1773
0 1774
0 1780
0 1800
0 1821
0 1827
0 1873
0 1884
0 1920
0 1923
0 1931
0 1933
0 2081
0 2154
0 2179
0 2191
0 2240
0 2263
0 2270
0 2273
0 2313
0 2327
0 2336
0 2364
0 2408
0 2431
0 2489
0 2511
0 2558
0 2632
0 2635
0 2731
0 2770
0 2775
0 2814
0 2878
0 2947
0 2990
0 3024
0 3062
0 3075
0 3163
0 3290
0 3333
0 3355
0 3380
0 3469
0 3470
0 3495
0 3589
0 3599
0 3663
0 3718
0 3722
0 3762
0 3769
0 3776
0 3783
0 3822
0 3873
0 3947
0 3961
0 3963
0 3974
0 3991
0 3998
1 3
1 5
1 8
1 9
1 11
1 15
1 17
1 19
1 22
1 23
1 24
1 26
1 31
1 47
1 49
1 51
1 70
1 71
1 80
1 90
1 94
1 106
1 108
1 128
1 130
1 159
1 161
1 175
1 192
1 193
1 203
1 206
1 207
1 209
1 223
1 235
1 238
1 280
1 289
1 298
1 299
1 331
1 332
1 337
1 358
1 360
1 367
1 386
1 408
1 416
1 420
1 451
1 462
1 475
1 477
1 489
1 517
1 520
1 575
1 592
1 616
1 621
1 640
1 691
1 704
1 738
1 776
1 793
1 805
1 832
1 841
1 849
1 856
1 861
1 884
1 897
1 922
1 976
1 1008
1 1014
1 1093
1 1141
1 1177
1 1198
1 1203
1 1289
1 1320
1 1377
1 1416
1 1453
1 1455
1 1513
1 1539
1 1574
1 1581
1 1602
1 1639
1 1679
1 1693
1 1740
1 1745
1 1755
1 1760
1 1761
1 1791
1 1831
1 1833
1 1925
1 2079
1 2112
1 2153
1 2177
1 2251
1 2349
1 2350
1 2374
1 2419
1 2586
1 2669
1 2678
1 2753
1 2779
1 2870
1 2884
1 2914
1 2930
1 2980
1 2992
1 3000
1 3083
1 3099
1 3165
1 3233
1 3336
1 3397
1 3491
1 3492
1 3516
1 3548
1 3605
1 3662
1 3678
1 3705
1 3751
1 3755
1 3874
1 3885
1 3939
2 4
2 12
2 26
2 28
2 41
2 52
2 72
2 104
2 110
2 149
2 152
2 236
2 356
2 393
2 434
2 459
2 499
2 509
2 567
2 659
2 708
2 743
2 752
2 763
2 776
2 793
2 798
2 811
2 875
2 903
2 927
2 1016
2 1018
2 1070
2 1083
2 1230
2 1273
2 1314
2 1424
2 1428
2 1837
2 1997
2 2009
2 2038
2 2085
2 2140
2 2142
2 2231
2 2315
2 2365
2 2389
2 2529
2 2562
2 2600
2 2831
2 2963
2 3010
2 3311
2 3389
2 3415
3 6
3 7
3 15
3 20
3 21
3 25
3 34
3 36
3 48
3 55
3 58
3 114
3 125
3 151
3 160
3 208
3 215
3 223
3 234
3 240
3 257
3 262
3 297
3 360
3 389
3 404
3 412
3 416
3 444
3 517
3 523
3 529
3 544
3 708
3 709
3 742
3 760
3 778
3 910
3 957
3 1037
3 1076
3 1184
3 1200
3 1267
3 1284
3 1406
3 1407
3 1452
3 1460
3 1486
3 1518
3 1536
3 1555
3 1575
3 1577
3 1616
3 1631
3 1743
3 1783
3 1790
3 1824
3 1946
3 1959
3 2029
3 2104
3 2123
3 2128
3 2183
3 2201
3 2265
3 2447
3 2484
3 2534
3 2656
3 2705
3 2717
3 2756
3 2759
3 3015
3 3024
3 3054
3 3105
3 3112
3 3140
3 3145
3 3178
3 3180
3 3264
3 3335
3 3402
3 3497
3 3530
3 3659
3 3830
4 5
4 7
4 12
4 16
4 25
4 30
4 32
4 33
4 34
4 40
4 54
4 66
4 68
4 83
4 113
4 114
4 127
4 133
4 143
4 154
4 155
4 172
4 183
4 191
4 216
4 217
4 226
4 233
4 235
4 255
4 267
4 268
4 275
4 289
4 294
4 301
4 340
4 355
4 362
4 391
4 396
4 398
4 409
4 427
4 430
4 465
4 466
4 484
4 501
4 525
4 583
4 586
4 611
4 646
4 686
4 703
4 727
4 756
4 767
4 784
4 789
4 809
4 820
4 835
4 911
4 915
4 949
4 984
4 1007
4 1026
4 1103
4 1154
4 1181
4 1204
4 1221
4 1371
4 1482
4 1575
4 1598
4 1673
4 1762
4 1792
4 1832
4 1837
4 1868
4 1890
4 1898
4 1930
4 1948
4 2072
4 2077
4 2162
4 2188
4 2218
4 2233
4 2370
4 2585
4 2586
4 2611
4 2736
4 2763
4 2782
4 2823
4 2851
4 2897
4 2925
4 3028
4 3103
4 3114
4 3125
4 3175
4 3176
4 3205
4 3360
4 3381
4 3393
4 3467
4 3644
4 3645
4 3711
4 3733
4 3787
4 3836
4 3921
4 3960
4 3965
4 3972
5 10
5 41
5 45
5 59
5 69
5 72
5 78
5 135
5 167
5 254
5 280
5 287
5 305
5 322
5 323
5 390
5 434
5 477
5 534
5 581
5 715
5 755
5 810
5 817
5 833
5 867
5 1006
5 1032
5 1124
5 1168
5 1169
5 1234
5 1254
5 1255
5 1286
5 1338
5 1505
5 1561
5 1586
5 1615
5 1721
5 1748
5 1929
5 2067
5 2128
5 2256
5 2258
5 2274
5 2294
5 2474
5 2513
5 2767
5 2843
5 2927
5 3137
5 3251
5 3360
5 3455
5 3575
5 3740
5 3783
5 3870
5 3876
5 3940
5 3981
5 3989
6 14
6 22
6 37
6 42
6 52
6 61
6 62
6 69
6 116
6 120
6 190
6 213
6 216
6 230
6 363
6 468
6 528
6 566
6 680
6 728
6 854
6 924
6 1024
6 1072
6 1082
6 1086
6 1117
6 1119
6 1248
6 1305
6 1394
6 1477
6 1489
6 1732
6 1988
6 2303
6 2322
6 2639
6 2665
6 2714
6 2787
6 3378
6 3585
6 3602
6 3741
6 3840
6 3852
7 9
7 13
7 23
7 36
7 60
7 70
7 140
7 244
7 267
7 288
7 364
7 384
7 398
7 414
7 722
7 1607
7 1650
7 1708
7 1828
7 2038
7 2343
7 2638
7 2671
7 2697
7 2751
7 3196
7 3577
7 3628
7 3716
7 3792
8 18
8 88
8 91
8 92
8 221
8 272
8 278
8 437
8 597
8 624
8 631
8 808
8 887
8 1017
8 1044
8 1147
8 1210
8 1237
8 1279
8 1317
8 1864
8 2324
8 2405
8 2524
8 2556
8 2765
8 3017
8 3462
8 3784
9 10
9 13
9 18
9 21
9 24
9 28
9 29
9 37
9 53
9 56
9 64
9 177
9 183
9 189
9 199
9 263
9 327
9 421
9 431
9 432
9 507
9 516
9 564
9 613
9 648
9 658
9 686
9 709
9 770
9 1014
9 1207
9 1425
9 1510
9 1537
9 1547
9 1576
9 1587
9 1593
9 1803
9 1901
9 2617
9 3240
9 3291
9 3298
9 3620
9 3636
9 3889
10 20
10 43
10 75
10 163
10 406
10 452
10 601
10 622
10 809
10 942
10 1098
10 1378
10 1592
10 1646
10 1658
10 2041
10 2391
10 2525
10 2590
10 2818
10 3013
10 3092
10 3219
10 3410
11 115
11 142
11 164
11 174
11 193
11 229
11 523
11 577
11 713
11 735
11 807
11 1126
11 1235
11 1463
11 1590
11 1670
11 1941
11 1947
11 1982
11 2056
11 2660
11 3354
11 3466
11 3812
12 16
12 62
12 137
12 373
12 895
12 1001
12 1003
12 1440
12 1470
12 1525
12 1664
12 2028
12 2121
12 2457
12 2652
12 3048
12 3098
12 3144
12 3435
12 3517
12 3521
12 3685
13 47
13 89
13 155
13 161
13 261
13 350
13 401
13 413
13 440
13 470
13 486
13 488
13 531
13 545
13 593
13 616
13 629
13 634
13 690
13 731
13 812
13 815
13 1089
13 1156
13 1357
13 1404
13 1576
13 1637
13 1673
13 1856
13 2086
13 2414
13 2542
13 2836
13 2911
13 3136
13 3392
13 3426
13 3516
13 3573
13 3781
14 42
14 46
14 100
14 103
14 113
14 121
14 123
14 211
14 300
14 503
14 624
14 879
14 1034
14 1216
14 1266
14 1298
14 1299
14 1411
14 1733
14 2117
14 2186
14 2423
14 2455
14 2770
14 2844
14 3209
14 3296
14 3371
14 3391
14 3420
14 3468
15 97
15 143
15 481
15 529
15 551
15 598
15 688
15 804
15 1140
15 1355
15 1481
15 1825
15 2107
15 2216
15 2236
15 3345
15 3428
16 19
16 38
16 51
16 67
16 81
16 184
16 187
16 197
16 218
16 224
16 227
16 276
16 282
16 297
16 329
16 358
16 378
16 447
16 541
16 596
16 674
16 678
16 693
16 747
16 801
16 1028
16 1074
16 1134
16 1154
16 1201
16 1379
16 1399
16 1471
16 1585
16 1908
16 1975
16 2278
16 2634
16 2672
16 2734
16 2908
16 2982
16 3162
16 3167
16 3260
16 3567
16 3774
16 3789
16 3819
16 3994
17 43
17 53
17 157
17 169
17 182
17 246
17 300
17 322
17 325
17 328
17 339
17 375
17 389
17 507
17 582
17 613
17 660
17 670
17 728
17 781
17 950
17 1053
17 1152
17 1171
17 1394
17 1417
17 1454
17 1458
17 1460
17 1549
17 1599
17 1607
17 1911
17 2029
17 2284
17 2390
17 2699
17 2965
17 2997
17 3056
17 3098
17 3131
17 3196
17 3455
17 3499
17 3536
17 3614
17 3932
18 31
18 50
18 57
18 73
18 74
18 88
18 99
18 101
18 104
18 202
18 215
18 256
18 265
18 315
18 327
18 332
18 333
18 422
18 428
18 476
18 573
18 608
18 693
18 781
18 851
18 943
18 1022
18 1025
18 1137
18 1164
18 1294
18 1330
18 1391
18 1415
18 1432
18 1437
18 1447
18 1635
18 1843
18 2004
18 2394
18 2498
18 3188
18 3249
18 3461
18 3520
18 3551
18 3627
18 3643
18 3663
18 3687
18 3730
18 3747
18 3753
18 3821
18 3897
19 76
19 93
19 95
19 105
19 195
19 218
19 232
19 254
19 323
19 376
19 565
19 596
19 610
19 627
19 791
19 803
19 921
19 1001
19 1083
19 1098
19 1277
19 1433
19 1547
19 1603
19 1632
19 2262
19 2297
19 2545
19 2591
19 3123
19 3193
19 3252
19 3424
19 3530
19 3628
19 3823
20 27
20 38
20 44
20 65
20 85
20 112
20 167
20 249
20 334
20 390
20 522
20 703
20 705
20 742
20 823
20 869
20 895
20 1029
20 1365
20 1436
20 1643
20 1745
20 1796
20 1863
20 2010
20 2034
20 2393
20 2527
20 2834
20 2973
20 2986
20 3038
20 3138
20 3292
20 3707
20 3724
21 84
21 821
21 955
21 1064
21 1718
21 3371
21 3727
22 73
22 121
22 132
22 419
22 428
22 579
22 799
22 973
22 1120
22 1462
22 1891
22 2563
22 2615
22 3638
22 3772
23 35
23 50
23 63
23 80
23 102
23 164
23 166
23 222
23 295
23 341
23 355
23 400
23 423
23 492
23 687
23 923
23 1789
23 1809
23 1897
23 1959
23 2202
23 2298
23 3275
23 3331
23 3477
23 3566
23 3606
24 30
24 32
24 54
24 95
24 237
24 320
24 326
24 379
24 404
24 430
24 659
24 707
24 770
24 850
24 938
24 992
24 1197
24 1269
24 1304
24 1325
24 1537
24 1965
24 2182
24 2345
24 2433
24 2438
24 2753
24 3627
24 3650
24 3675
25 84
25 397
25 557
25 750
25 1036
25 1367
25 1685
25 2098
25 2219
25 2405
25 2511
26 59
26 75
26 204
26 209
26 231
26 258
26 312
26 368
26 502
26 578
26 764
26 900
26 1059
26 1259
26 1275
26 1290
26 2174
26 2192
26 2286
26 2627
26 2806
26 3130
26 3440
27 48
27 56
27 66
27 120
27 133
27 154
27 458
27 554
27 564
27 609
27 871
27 996
27 1448
27 2081
27 2145
27 2730
27 2932
27 3017
28 55
28 60
28 116
28 118
28 269
28 293
28 310
28 335
28 420
28 556
28 625
28 647
28 744
28 929
28 1112
28 1280
28 1323
28 1381
28 1479
28 1553
28 1629
28 1648
28 1694
28 1770
28 1815
28 1836
28 2246
28 2334
28 2388
28 2398
28 2773
28 2821
28 2985
28 3969
28 3981
29 219
29 551
29 1420
29 1847
29 2080
29 2825
29 3482
30 482
30 720
30 832
30 956
30 1256
30 1870
30 2092
30 3946
31 46
31 96
31 139
31 168
31 194
31 246
31 257
31 270
31 274
31 480
31 489
31 514
31 591
31 617
31 650
31 860
31 999
31 1221
31 1291
31 1320
31 1381
31 1434
31 1522
31 1595
31 1653
31 1721
31 1797
31 2278
31 2329
31 2540
31 2754
31 2767
31 2915
31 3133
31 3314
31 3507
31 3710
31 3717
31 3877
32 71
32 81
32 93
32 107
32 117
32 129
32 236
32 388
32 519
32 552
32 672
32 692
32 1058
32 1308
32 1644
32 1722
32 2298
32 2804
33 35
33 78
33 97
33 128
33 165
33 361
33 673
33 992
33 1144
33 1329
33 1640
33 1900
33 2096
33 2116
33 2232
33 2233
33 3254
33 3294
34 345
34 610
34 1039
34 1416
35 92
35 129
35 149
35 188
35 249
35 261
35 275
35 372
35 826
35 930
35 1262
35 1341
35 1769
35 2225
35 2506
35 2531
35 3055
35 3361
35 3765
35 3951
36 39
36 125
36 151
36 152
36 153
36 199
36 367
36 370
36 570
36 579
36 639
36 682
36 1571
36 1811
36 1854
36 1963
36 2190
36 2239
36 2769
36 3381
36 3434
36 3538
37 57
37 171
37 176
37 180
37 406
37 487
37 730
37 852
37 1725
37 2952
37 3307
37 3988
38 49
38 86
38 91
38 109
38 124
38 137
38 165
38 201
38 264
38 362
38 426
38 436
38 454
38 541
38 577
38 726
38 1078
38 1085
38 1412
38 1613
38 1818
38 1962
38 2000
38 2250
38 2490
38 2547
38 2726
38 2970
38 3025
38 3613
38 3858
39 150
39 225
39 238
39 347
39 400
39 501
39 544
39 622
39 706
39 1185
39 1355
39 1637
39 2056
39 2576
39 2939
39 3187
40 112
40 456
40 1140
40 1145
40 1468
40 1485
40 1495
40 2003
40 2587
40 3429
40 3720
40 3881
41 145
41 2159
41 2301
41 2606
41 2984
41 3432
41 3832
42 1724
42 1924
42 2143
42 2151
42 3148
42 3683
42 3868
43 124
43 260
43 311
43 336
43 407
43 605
43 1260
43 1555
43 2623
44 318
44 460
44 471
44 640
44 669
44 1113
44 1873
44 1954
44 2050
44 2187
44 2252
44 2261
44 3639
45 58
45 61
45 247
45 462
45 558
45 1444
45 2303
45 3648
45 3778
46 150
46 248
46 283
46 790
46 947
46 1641
46 2188
46 2744
46 2949
46 3020
46 3161
46 3444
46 3822
46 3844
47 67
47 173
47 234
47 431
47 473
47 483
47 560
47 585
47 595
47 664
47 732
47 973
47 1068
47 1105
47 1388
47 1393
47 1465
47 1524
47 1907
47 2160
47 2172
47 2372
47 2427
47 2562
47 2786
47 3279
47 3359
47 3387
47 3423
47 3723
48 244
48 277
48 307
48 364
48 470
48 600
48 714
48 813
48 1362
48 1986
48 2287
48 2404
48 2780
48 3246
48 3860
49 100
49 122
49 522
49 657
49 859
49 1173
49 1542
49 1603
49 2288
50 266
50 679
50 726
50 813
50 3063
50 3418
51 90
51 98
51 107
51 139
51 147
51 156
51 231
51 239
51 302
51 352
51 417
51 444
51 450
51 471
51 519
51 677
51 812
51 814
51 853
51 935
51 941
51 1024
51 1150
51 1213
51 1293
51 1414
51 1527
51 1560
51 1606
51 1795
51 1932
51 2171
51 2512
51 2542
51 2811
51 2817
51 2849
51 3155
51 3228
51 3374
51 3533
51 3545
52 79
52 82
52 274
52 569
52 904
52 1115
52 1594
52 1665
52 1799
52 3001
52 3278
52 3763
53 64
53 77
53 141
53 166
53 170
53 380
53 403
53 461
53 636
53 647
53 661
53 721
53 820
53 989
53 1033
53 1064
53 1066
53 1322
53 1409
53 1455
53 1877
53 1974
53 2065
53 2269
53 2356
53 2458
53 2498
53 2546
53 2575
53 2587
53 2785
53 2824
53 2988
53 3032
53 3152
53 3202
53 3225
53 3262
53 3875
53 3895
54 86
54 98
54 186
54 446
54 1114
54 1435
54 1456
54 1550
54 2488
54 2909
54 3463
55 68
55 101
55 102
55 119
55 160
55 278
55 290
55 316
55 330
55 380
55 384
55 414
55 660
55 673
55 739
55 779
55 822
55 840
55 925
55 929
55 1091
55 1132
55 1215
55 1309
55 1349
55 1400
55 1533
55 1656
55 1702
55 1744
55 1806
55 1974
55 1977
55 2043
55 2189
55 2347
55 2540
55 2651
55 2703
55 2942
55 3115
55 3127
55 3135
55 3443
55 3569
55 3593
55 3606
55 3616
55 3787
55 3907
56 198
56 1202
56 1697
57 83
57 186
57 286
57 902
57 1157
57 3703
59 185
59 208
59 474
59 509
59 663
59 666
59 667
59 865
59 1125
59 1330
59 1342
59 1392
59 1528
59 1568
59 1591
59 1931
59 2168
59 2285
59 2289
59 2919
59 2929
59 3272
59 3764
60 467
60 978
60 1101
60 1371
60 2127
60 2369
60 2941
60 2961
61 65
61 373
61 894
61 1443
61 1922
61 1983
61 2009
61 2186
61 2212
61 2911
61 3097
61 3896
62 303
62 534
62 2132
63 1289
63 2711
63 2936
64 237
65 87
65 122
65 153
65 163
65 253
65 321
65 603
65 618
65 621
65 655
65 683
65 694
65 697
65 699
65 739
65 833
65 839
65 1488
65 1569
65 1598
65 1631
65 1887
65 2018
65 2108
65 2157
65 2282
65 2387
65 2555
65 2646
65 2957
65 3035
65 3367
65 3489
65 3651
65 3720
66 273
66 508
66 581
67 119
67 126
67 170
67 171
67 386
67 458
67 540
67 575
67 687
67 713
67 796
67 932
67 958
67 1027
67 1147
67 1224
67 1256
67 1285
67 1820
67 1851
67 1908
67 2279
67 2499
67 2580
67 2805
67 2814
67 3802
68 146
68 316
68 350
68 536
68 774
68 898
68 1351
68 2850
68 3037
68 3269
69 74
69 144
69 212
69 251
69 259
69 330
69 348
69 369
69 455
69 654
69 967
69 1135
69 1393
69 1476
69 1523
69 2059
69 2280
69 2281
69 2972
69 3041
69 3923
70 494
70 511
70 845
70 2279
71 96
71 217
71 1778
71 2644
72 363
72 1926
72 3095
73 130
73 131
73 156
73 200
73 233
73 291
73 454
73 637
73 758
73 1094
73 1669
73 2155
73 2262
73 2607
73 2691
73 3273
73 3301
73 3945
74 158
74 196
74 210
74 221
74 329
74 394
74 504
74 657
74 1306
74 1336
74 1625
74 1949
74 2019
74 2521
74 2805
74 2855
74 3132
74 3661
74 3713
75 158
75 392
75 396
75 859
75 1125
75 1152
75 1383
75 1662
75 1888
75 1934
75 2267
75 2485
75 2737
75 2917
75 3457
76 103
76 138
76 181
76 425
76 449
76 472
76 1178
76 1254
76 1324
76 1327
76 1386
76 1430
76 1777
76 1927
76 1938
76 2136
76 2142
76 2596
76 2801
76 2943
76 3256
76 3406
76 3704
77 204
77 242
77 1181
77 1760
77 1793
77 2125
77 2605
77 3173
77 3689
78 177
78 242
78 344
78 365
78 429
78 446
78 508
78 510
78 548
78 653
78 669
78 730
78 815
78 990
78 1097
78 1474
78 1627
78 1762
78 1939
78 2039
78 2629
78 2672
78 2689
78 2698
78 2774
78 2790
78 3107
78 3124
78 3469
79 127
79 187
79 1034
79 1151
79 1220
79 1401
79 2132
79 3931
80 175
80 250
80 543
80 782
80 872
80 2882
80 3113
80 3217
80 3385
80 3501
81 178
81 546
81 1360
81 1373
81 1574
81 1696
81 1874
81 1892
81 2379
81 2847
81 3157
81 3413
81 3603
81 3688
81 3807
81 3906
83 505
83 582
83 887
83 1186
83 1427
83 2944
84 604
84 830
84 912
84 1556
84 1704
84 2294
84 3022
84 3266
84 3809
85 108
85 132
85 506
85 777
85 972
85 1026
85 1214
85 1244
85 1250
85 1442
85 1879
85 2012
85 2063
85 2080
85 2148
85 3654
86 172
86 1233
86 3625
87 89
87 106
87 220
87 269
87 597
87 609
87 842
87 863
87 1027
87 1180
87 1860
87 2387
87 3071
87 3235
87 3615
87 3760
88 189
88 219
88 556
88 786
88 795
88 851
88 1047
88 1051
88 1230
88 1476
88 1619
88 1658
88 1866
88 1946
88 1968
88 2052
88 2314
88 2832
88 2998
88 3198
88 3216
88 3949
89 272
89 1047
89 1255
89 2008
89 2538
89 2591
89 2654
90 279
90 1788
90 2199
90 2852
90 3134
90 3800
91 111
91 162
91 198
91 224
91 357
91 535
91 676
91 842
91 985
91 2530
91 2977
91 3451
91 3462
92 126
92 145
92 192
92 210
92 243
92 262
92 341
92 343
92 645
92 675
92 779
92 824
92 831
92 913
92 1002
92 1095
92 1165
92 1332
92 1352
92 1807
92 2002
92 2383
92 2505
92 2629
92 2808
92 2833
92 3261
92 3439
92 3513
92 3811
93 243
93 550
93 676
93 983
93 1406
93 1912
93 2037
93 2125
93 3752
94 415
94 540
94 1056
94 1240
95 148
95 273
95 382
95 483
95 555
95 740
95 754
95 787
95 1146
95 1478
95 1653
95 1844
95 1878
95 2301
95 2659
96 511
96 997
97 105
97 205
97 285
97 926
97 1805
97 2082
97 2796
97 3068
98 222
98 1177
99 136
99 157
99 574
99 642
99 666
99 734
99 827
99 855
99 914
99 1061
99 1100
99 1195
99 1483
99 1484
99 2139
99 2351
99 3201
99 3868
100 320
100 377
100 411
100 818
100 1128
100 1241
100 1850
100 2134
100 2156
100 2675
100 3009
100 3046
100 3087
100 3217
100 3746
100 3784
101 147
101 173
101 248
101 512
101 623
101 649
101 1444
101 1470
101 1594
101 1904
101 2034
101 2720
101 2901
101 3398
101 3407
102 230
102 788
102 1188
102 1439
102 2253
102 2756
102 2774
102 2914
102 3872
103 615
103 786
103 934
103 2220
103 2429
103 2493
103 3926
104 169
104 710
104 834
104 876
104 1162
104 1246
104 1276
104 1395
104 1921
104 2683
105 110
105 118
105 141
105 239
105 245
105 271
105 335
105 453
105 469
105 530
105 605
105 658
105 874
105 905
105 1328
105 1364
105 1617
105 1813
105 1984
105 2005
105 2006
105 2021
105 2114
105 2397
105 2429
105 2615
105 2642
105 3031
105 3224
105 3558
105 3785
105 3966
106 136
106 369
106 379
106 383
106 443
106 580
106 701
106 753
106 1043
106 1190
106 1242
106 1346
106 1380
106 1412
106 1528
106 1529
106 2027
106 2099
106 2310
106 2335
106 2469
106 2500
106 2597
106 2746
106 2929
106 3060
106 3524
107 1782
108 115
108 3257
109 421
109 539
109 775
109 1730
109 2612
109 2832
109 3327
109 3551
110 326
110 563
110 694
110 702
110 1088
111 174
111 301
111 302
111 345
111 784
111 1009
111 1052
111 1069
111 1449
111 1848
111 2873
111 2922
112 1942
112 2668
112 3389
113 134
113 1066
113 1328
113 1618
113 1924
113 3211
113 3244
113 3407
113 3591
113 3744
113 3969
114 469
114 675
114 751
114 838
114 1031
114 1084
114 1104
114 1544
114 2593
114 2948
114 3226
114 3464
114 3798
115 1251
116 188
116 729
116 1930
116 2453
116 2517
117 190
117 251
117 287
117 391
117 422
117 1159
117 1405
117 1484
117 1655
117 1935
117 2410
117 2853
117 3222
118 298
118 790
118 1368
118 1517
118 1781
118 2996
118 3289
118 3346
119 146
119 317
119 702
119 752
119 1661
119 1926
119 2624
119 2804
119 2986
120 865
120 977
120 1274
120 1790
120 1831
120 2014
121 677
121 971
121 1010
121 1214
121 1240
121 1543
121 1706
121 1855
121 2554
121 3801
122 134
122 201
122 258
122 636
122 688
122 829
122 919
122 1384
122 1397
122 1611
122 1616
122 1660
122 1675
122 1712
122 3509
123 405
123 794
123 806
123 1490
123 1550
123 1645
123 1815
124 144
124 179
124 195
124 212
124 252
124 264
124 293
124 311
124 339
124 381
124 432
124 437
124 524
124 591
124 678
124 714
124 743
124 753
124 819
124 858
124 883
124 891
124 941
124 1123
124 1175
124 1263
124 1265
124 1272
124 1333
124 1578
124 1628
124 2060
124 2088
124 2268
124 2364
124 2407
124 2512
124 2553
124 2614
124 2637
124 2766
124 2777
124 3095
124 3124
124 3195
124 3355
124 3584
124 3689
124 3714
124 3882
124 3941
125 513
125 2015
125 2041
125 2450
126 176
126 417
126 457
126 537
126 586
126 1636
126 1901
126 2234
126 3682
127 433
127 963
127 1738
127 1913
127 1994
127 2627
127 2835
127 3372
127 3408
128 630
128 1121
128 3748
129 203
129 220
129 241
129 388
129 491
129 612
129 725
129 945
129 1565
129 1823
129 2042
129 2145
129 2568
129 2608
129 3341
129 3824
130 131
130 197
130 387
130 2250
130 2388
130 2441
131 847
131 2053
133 1732
133 1934
133 2960
133 3053
134 782
134 835
134 883
134 1025
134 1558
134 1757
134 2584
134 3652
134 3681
135 263
135 281
135 336
135 590
135 592
135 931
135 989
135 1179
135 1208
135 1229
135 1531
135 1557
135 1861
135 2001
135 2979
135 3760
136 140
136 1288
136 2187
136 2565
136 3145
136 3892
137 741
137 3786
138 240
138 265
138 486
138 711
138 1300
138 2923
138 3142
138 3463
138 3624
139 349
139 1096
139 1319
139 2783
139 2859
139 3266
140 313
140 864
140 1004
140 1620
140 2209
140 2215
140 2227
140 2468
140 2527
140 3104
140 3384
140 3404
142 205
142 762
142 817
142 1743
142 1794
142 2066
142 2370
142 2751
142 2815
142 3147
142 3191
142 3369
142 3817
143 338
143 351
143 567
143 1175
143 1384
143 1515
143 1610
143 1751
143 1929
143 2265
143 3653
144 343
144 457
144 494
144 870
144 1042
144 2046
144 2397
144 2421
144 2722
144 3563
144 3674
144 3676
145 206
145 259
145 354
145 395
145 447
145 568
145 986
145 1198
145 1271
145 1554
145 1919
145 2242
145 3597
146 213
146 314
146 333
146 1087
146 2140
146 2695
146 2808
146 3476
146 3888
147 756
147 1226
147 1303
147 3738
148 179
148 181
148 314
148 349
148 357
148 410
148 550
148 593
148 638
148 806
148 828
148 1102
148 1260
148 1554
148 1675
148 1690
148 1778
148 1971
148 2106
148 2224
148 2489
148 2541
148 2595
148 2653
148 2663
148 2729
148 2839
148 3032
148 3086
148 3710
149 292
149 463
149 1858
149 2457
149 2904
149 3299
149 3746
150 182
150 295
150 359
150 690
150 990
150 1163
150 3745
151 3920
152 1209
152 2588
153 162
153 308
153 735
153 1283
153 1422
153 1517
153 1634
153 3388
153 3604
154 366
154 561
154 962
154 1914
154 2404
154 3177
156 628
156 746
156 2442
156 3928
157 159
157 472
157 549
157 712
157 2005
157 2503
157 3701
159 180
159 284
159 3348
160 1719
160 2406
160 2826
160 3373
160 3552
161 1593
162 1033
162 1302
162 1311
162 1507
162 1665
162 2083
162 2330
162 2430
162 2643
162 2748
162 3076
162 3451
162 3565
162 3748
162 3881
163 950
163 1372
163 1893
163 2047
163 3090
163 3320
165 270
165 352
165 356
165 1518
165 1651
165 2121
165 2256
165 2295
166 303
166 602
166 970
166 1997
166 2027
166 2709
166 3552
167 331
167 467
167 1972
167 2574
167 3955
168 241
168 253
168 468
168 1432
168 1952
168 2245
168 2282
168 3934
169 453
169 2023
169 2420
171 211
171 392
171 438
171 873
171 2229
171 2293
171 2433
171 2995
171 3100
171 3308
171 3450
172 194
172 196
172 440
172 493
172 670
172 829
172 885
172 933
172 1100
172 1366
172 1773
172 2083
172 2154
172 2697
172 3093
172 3275
172 3501
173 433
173 3912
174 286
174 880
174 900
174 1236
174 1291
174 1538
174 1552
174 3387
174 3718
175 376
176 315
176 892
176 1643
177 692
177 1287
177 1307
177 1759
177 3485
177 3756
178 185
178 260
178 319
178 476
178 484
178 510
178 514
178 548
178 635
178 736
178 846
178 1065
178 1111
178 1834
178 3053
178 3957
179 214
179 277
179 304
179 365
179 385
179 402
179 515
179 537
179 566
179 576
179 959
179 1063
179 1129
179 1170
179 1235
179 1246
179 1358
179 1904
179 2416
179 2680
179 3271
179 3669
179 3952
180 366
181 606
181 737
181 814
181 2618
182 191
182 397
182 487
182 614
182 749
182 760
182 778
182 795
182 947
182 948
182 980
182 1113
182 1491
182 1970
182 1999
182 2133
182 2164
182 2259
182 2273
182 2655
182 2906
182 3268
182 3351
182 3542
182 3911
183 381
183 685
183 831
183 1093
183 1245
183 1501
183 2105
184 712
184 862
184 1195
184 1208
184 1698
184 2628
184 2654
185 441
185 512
185 547
185 584
185 711
185 1023
185 1399
185 1439
185 2275
185 2336
185 2516
185 2523
185 2567
185 3374
186 252
186 619
186 1475
186 3353
186 3869
187 1348
187 1473
187 2325
187 3194
190 1121
190 1579
190 1940
191 377
191 1561
191 2761
191 3686
192 305
192 464
192 723
192 794
192 819
192 836
192 905
192 994
192 1606
192 1649
192 1722
192 1820
192 1839
192 1919
192 2196
192 3975
193 1840
193 2309
193 3273
193 3874
194 296
194 488
194 2141
195 374
195 722
195 1139
195 1876
195 1890
195 2046
195 2705
196 1763
196 1990
196 2725
196 2975
197 643
198 202
198 424
198 696
198 803
198 1802
198 3208
198 3218
199 313
199 342
199 495
199 1816
199 2084
199 2138
199 2194
199 2305
199 2983
199 3022
199 3976
200 225
200 413
200 450
200 1723
200 1849
200 1881
200 1918
200 2016
200 2444
200 2477
200 2492
200 3074
200 3586
200 3684
200 3859
201 282
201 334
201 576
201 766
201 768
201 1171
201 1544
201 1781
201 2522
201 3272
201 3301
201 3423
201 3979
202 617
202 1231
202 2226
203 1642
203 1862
203 1867
203 1880
203 2280
203 2379
203 2794
203 2869
203 3223
204 306
204 527
204 1918
204 2290
204 2930
204 3435
205 2060
206 644
206 985
206 1130
206 1817
207 1012
207 1057
207 2338
207 3555
208 232
208 361
208 399
208 620
208 1184
208 1284
208 1542
208 1568
208 1928
208 2059
208 2861
210 375
210 626
210 923
210 1502
210 1648
210 1691
210 1995
210 2170
210 2319
210 3297
210 3559
210 3997
211 214
211 228
211 245
211 370
211 371
211 405
211 426
211 448
211 463
211 482
211 627
211 633
211 874
211 886
211 1133
211 1222
211 1232
211 1351
211 1552
211 1617
211 1629
211 2208
211 2455
211 2464
211 2758
211 2786
211 2913
211 2945
211 3044
211 3087
211 3089
211 3093
211 3109
211 3133
211 3694
211 3728
211 3762
211 3937
211 3971
212 479
212 569
212 766
212 944
212 1044
212 1262
212 1647
212 3323
212 3422
213 268
213 347
213 424
213 466
213 594
213 843
213 1059
213 1569
213 2146
213 2413
213 2598
213 3725
213 3734
213 3795
213 3893
214 229
214 307
214 425
214 498
214 656
214 800
214 999
214 1072
214 1344
214 2040
214 2695
214 3517
215 474
215 635
215 1146
215 1500
215 1651
215 3611
216 490
216 502
216 651
216 1150
216 2328
217 1566
218 292
219 1095
219 1252
219 1344
219 1985
219 2683
219 3321
220 587
220 645
220 783
220 1156
220 1333
220 1699
220 1993
220 3458
220 3831
220 3985
221 1801
222 304
222 650
222 1049
222 1474
222 1687
222 1823
222 2952
223 774
223 1692
223 3135
224 291
224 2103
224 3495
225 310
225 435
225 464
225 527
225 955
225 987
225 1243
225 1268
225 1457
225 2735
225 2745
226 568
226 822
226 964
226 1138
226 2330
226 3304
226 3766
226 3920
227 532
227 847
227 940
227 995
227 1088
227 1436
227 3030
227 3674
228 351
228 1016
228 1247
228 2374
228 3160
229 442
229 1046
229 1174
229 1370
229 2335
229 3409
229 3432
229 3693
229 3856
230 299
230 572
230 641
230 857
230 1789
230 2207
230 2428
231 545
231 1241
231 3771
232 906
232 1319
232 1696
232 2180
232 3335
232 3865
234 256
234 403
234 435
234 499
234 521
234 590
234 733
234 1012
234 1298
234 1501
234 1737
234 1775
234 1798
234 2054
234 2333
234 2420
234 2543
234 2548
234 2603
234 2992
234 2993
234 3183
234 3318
234 3376
234 3847
236 532
236 1165
236 1505
236 2870
236 2951
236 2981
237 247
237 342
237 560
237 1061
237 1063
237 1620
237 2283
238 452
238 646
238 648
238 706
238 984
238 1062
238 1266
238 1421
238 2031
238 2386
238 2732
238 3529
238 3937
238 3942
239 438
239 455
239 717
239 1089
239 1652
239 1859
239 1953
239 2769
239 3030
239 3421
239 3893
240 481
240 909
240 1215
240 1506
240 2750
240 3073
241 312
241 321
241 574
241 908
241 963
241 1206
241 1312
241 2462
241 2738
241 2802
241 2866
241 3930
242 281
242 394
242 1229
242 1450
242 1516
242 1612
242 1699
242 2463
242 2701
242 3475
243 927
243 2461
244 1046
245 751
245 3209
247 1162
247 1205
248 318
250 284
250 889
250 1148
251 957
251 1801
251 2325
252 3287
253 2093
254 255
254 378
254 439
254 836
254 861
254 968
254 2228
254 2363
254 3147
254 3618
255 319
255 353
255 371
255 436
255 754
255 909
255 967
255 1085
255 2069
255 2915
255 3490
255 3640
255 3993
256 309
256 777
256 912
256 1082
256 1099
256 1283
256 1948
256 2520
257 465
258 271
258 1020
258 2257
258 2846
259 525
259 1191
259 1225
259 1413
259 1638
259 2848
259 3750
261 266
261 3917
262 914
263 296
263 683
263 1928
263 2272
264 1288
264 2559
264 3296
264 3918
265 633
265 2075
265 3248
266 285
266 309
266 553
266 626
266 977
266 1625
266 2719
266 2897
266 3766
266 3802
268 408
268 662
268 679
268 1086
268 1303
268 1630
268 1687
268 2248
268 2927
268 2966
268 2968
268 3207
268 3311
268 3527
269 372
269 542
269 1297
269 1509
269 2424
269 3014
269 3560
269 3828
270 478
270 880
271 283
273 279
273 559
273 802
273 1740
273 2205
273 2316
273 3288
273 3448
273 3527
273 3610
273 3740
274 1445
274 2610
274 2918
274 3604
275 1149
275 3240
275 3778
276 395
276 930
276 2365
277 1566
278 1388
278 2144
278 2701
278 2936
279 1605
279 2076
279 3131
280 1029
281 2355
281 3390
281 3579
282 572
282 704
282 783
282 995
282 1069
282 2197
282 2329
282 2778
283 1374
283 3137
284 1054
285 644
286 493
286 561
286 671
286 853
286 1487
286 3300
287 1168
287 2476
288 1693
288 3349
288 3632
289 1228
289 1534
289 1756
290 353
290 956
290 2468
291 382
291 664
293 879
293 1605
293 2292
294 707
294 737
294 1045
296 796
296 1116
296 1297
296 1564
296 1844
296 2135
296 2214
296 2800
296 2974
297 740
297 757
297 968
297 1309
297 1736
297 2410
297 2706
297 3036
297 3239
298 402
298 695
298 699
298 1250
298 1308
298 1376
298 1521
298 1972
298 2399
298 3770
300 308
300 412
300 504
300 547
300 689
300 940
300 1104
300 1166
300 1562
300 2592
300 3190
300 3502
300 3795
301 625
301 952
301 1182
301 2571
302 496
302 894
302 1021
302 1515
302 1819
302 3379
302 3415
303 324
303 497
303 515
303 671
303 1409
303 2153
303 3698
304 1747
304 1933
304 1950
304 2235
304 3257
304 3585
305 1840
306 2941
307 871
307 981
307 1243
307 2120
308 1446
308 1899
308 1986
308 2415
308 3681
310 2307
311 324
311 1056
311 1316
311 2324
311 2380
311 2612
311 3777
311 3898
312 505
312 824
312 857
312 1559
312 2436
312 2722
312 2855
313 346
313 498
313 604
313 948
313 1191
313 1463
313 2403
313 2513
313 3312
313 3414
313 3454
313 3532
314 549
314 759
314 933
314 969
314 1301
314 1331
314 1786
314 1910
314 2126
314 2244
314 2266
314 2284
314 2434
314 2594
314 2620
314 2702
314 2721
314 2828
314 3370
314 3709
315 449
315 479
315 1203
316 495
316 799
316 823
316 3349
316 3646
317 966
317 2313
317 2572
317 2762
318 3985
319 554
319 862
319 1513
319 1874
319 3101
319 3106
319 3171
319 3825
319 3998
321 456
321 655
321 698
321 772
321 1305
321 2217
321 2496
321 2823
322 1062
322 1295
322 1491
322 1682
322 1787
322 1857
322 1936
322 1955
322 2676
322 3070
323 441
323 1294
323 2575
323 3056
323 3234
323 3347
325 340
325 427
325 585
325 684
325 961
325 1640
325 1646
325 1686
325 2811
325 3231
326 904
326 1541
326 2137
327 337
327 418
327 858
327 1187
327 2402
327 3388
328 348
328 448
328 602
328 882
328 3166
329 520
329 969
329 1377
329 1467
329 1480
329 3350
330 546
330 1249
330 1353
330 1472
330 1479
330 2086
330 2149
330 2193
330 2656
330 3569
330 3571
330 3682
330 3698
330 3880
331 641
331 3632
331 3640
332 571
332 1239
332 2211
332 3684
332 3796
333 584
333 1130
333 1731
333 2196
333 2826
333 3999
334 1867
335 442
335 759
335 769
335 1638
335 3754
335 3834
336 1426
337 983
337 3510
338 354
338 374
338 746
338 1672
338 1684
338 1697
338 3373
339 346
339 445
339 3605
341 385
341 1003
341 1213
341 2630
341 3040
341 3222
341 3259
342 491
342 538
342 981
342 1042
342 1193
342 1875
342 1906
342 1913
342 2150
342 2363
342 2385
342 2533
342 2954
342 3002
343 801
345 839
345 1280
346 903
346 946
346 1440
346 1978
347 553
347 583
347 652
347 787
347 1204
347 1787
347 1896
347 2012
347 2316
347 2491
347 2913
347 3088
347 3777
348 461
348 1763
348 2270
348 3478
348 3829
349 1502
349 3303
349 3968
351 1269
351 1556
352 1506
352 1940
353 485
353 1218
353 3189
354 2384
354 3837
355 399
355 528
355 599
355 654
355 1438
355 2144
355 2465
355 3212
356 987
357 533
357 631
357 878
358 1712
358 2616
358 2830
358 2995
359 1180
359 1352
359 3486
361 423
362 393
362 555
362 1183
362 1310
362 2435
363 492
363 736
363 780
363 893
363 939
363 1565
363 1613
363 1695
363 2235
363 2459
363 2703
363 2828
363 2918
363 2976
363 3150
363 3614
363 3843
364 747
364 1216
364 1274
364 1818
364 3673
365 1176
365 1454
365 1636
365 2293
365 3320
365 3487
366 1749
366 3615
367 935
367 1854
367 2470
368 410
368 513
368 552
368 2425
368 2956
368 3716
369 387
369 608
369 745
369 1343
369 1985
370 1050
370 1446
370 1962
371 407
371 615
371 1876
371 2694
371 3774
372 415
372 717
372 1403
372 3966
372 3967
373 2333
373 3671
374 919
374 1401
375 618
375 1337
375 2157
376 998
376 1183
376 2421
376 3399
377 409
377 518
377 638
377 937
377 2726
377 3886
377 3889
378 716
378 1031
378 1856
379 2111
379 2641
379 2925
379 3367
379 3772
380 763
380 964
380 1226
380 1420
380 1503
380 1888
380 2044
380 3058
383 557
383 848
383 2057
383 3731
383 3785
384 1498
386 2197
386 2306
386 2661
386 3304
387 1019
387 1035
387 1108
387 1126
387 2040
387 2449
387 2570
387 2583
387 2692
387 2715
387 3077
387 3521
387 3592
388 1688
388 1714
388 2067
388 3931
389 606
389 738
389 1000
389 1090
389 1212
389 1437
389 2471
389 3496
390 797
390 1058
390 1339
390 1461
390 3401
390 3561
390 3761
391 2072
391 3364
392 719
392 1040
392 1153
392 1382
392 1591
392 1766
392 2211
392 2232
392 2798
393 705
393 1808
393 1821
393 2907
394 2706
395 748
396 721
396 731
396 2206
396 3852
397 559
397 729
397 975
397 991
397 1060
397 1143
397 1166
397 1720
397 1813
397 2195
397 2268
397 2304
397 2487
397 2841
397 3948
398 2222
399 1136
399 2031
399 2220
400 1734
400 1925
400 2051
400 2700
400 3167
400 3339
400 3344
400 3541
401 1043
401 1481
401 1863
401 1999
401 2529
401 2938
402 881
402 978
402 1332
402 1363
402 2709
402 2812
402 3623
403 949
404 758
404 1189
404 1304
404 2312
404 2795
404 2948
406 1258
407 1459
407 1628
408 1004
408 1750
409 1261
409 1794
409 2567
409 3258
410 543
410 1227
412 1608
412 1770
412 1982
413 2149
415 1496
416 419
416 954
416 986
416 1161
416 1356
416 1419
416 1746
416 1830
416 1852
416 1906
416 1975
416 2090
416 2891
416 2958
416 3079
416 3139
417 877
417 3675
418 680
419 558
419 571
419 607
419 917
419 1079
419 1224
419 1270
419 1851
419 3310
420 570
420 620
420 741
420 2312
421 1690
422 2978
422 3964
423 966
423 1755
423 3340
424 723
424 3411
425 1252
425 1916
425 2021
425 2889
425 3454
426 1136
426 1585
426 1611
426 1915
426 2088
426 3508
427 538
427 700
427 761
427 954
427 2000
428 1159
428 1391
428 1511
428 2395
428 3379
429 755
429 2231
431 2299
431 2598
431 3426
432 1192
432 2481
433 445
434 639
434 691
434 1336
435 1110
435 2834
436 619
436 681
436 682
436 1111
436 3685
437 563
437 840
437 2666
437 2735
437 2821
437 3638
438 965
438 1040
438 1055
438 1795
438 1996
438 3523
438 3693
439 460
439 2015
440 860
441 889
441 1797
441 1966
441 3287
441 3654
441 3842
442 681
442 975
442 1315
442 2532
442 3673
442 3754
443 695
443 2501
444 848
444 3396
444 3488
444 3711
444 3974
445 2904
445 3318
446 1097
448 937
448 1084
448 1300
448 1692
448 3791
449 526
449 2558
449 2571
449 3706
450 451
450 562
450 1326
450 1588
450 1678
450 1683
450 1841
450 2205
450 2368
450 2967
450 3596
451 526
451 2522
451 2707
451 3238
451 3797
452 1190
452 1380
452 3839
453 533
453 1709
454 632
454 662
454 991
454 1118
454 2169
454 2899
455 1846
455 2098
455 3902
456 1677
456 2590
456 3702
457 565
457 856
457 1167
457 1170
457 1662
457 2167
457 2467
457 2632
457 3143
457 3428
458 497
458 629
458 1137
458 1370
458 1889
458 2953
458 3008
458 3074
459 2645
459 2652
460 473
460 745
460 1120
460 1382
460 1441
460 1596
461 2599
461 3853
462 503
462 725
462 818
462 924
462 1299
462 1857
462 2045
462 2452
462 2549
462 2553
462 2584
462 2640
462 3276
462 3938
463 1480
463 1716
463 1759
463 3213
465 970
465 979
465 1153
465 2173
465 2982
465 3084
465 3926
466 1116
466 2708
466 2798
466 2863
467 1911
469 524
469 674
469 998
469 2844
469 3815
470 600
470 765
470 1429
470 2693
470 3039
471 773
471 1395
471 1752
471 1779
471 2161
472 866
472 1218
472 1508
472 1586
472 2905
473 562
473 910
473 1478
473 3439
474 791
474 1451
474 3732
475 485
475 500
475 649
475 3341
475 3739
476 1410
476 1887
476 1894
478 996
478 1010
478 1141
478 1173
478 1686
478 1961
478 1987
478 2367
478 3471
479 531
479 1768
479 3575
481 1258
481 1368
481 1966
481 2502
481 2645
481 2979
481 3061
481 3537
481 3688
482 598
482 689
482 771
482 1155
482 1725
482 1912
482 3892
483 868
484 1771
485 1090
485 1758
486 1211
486 1735
487 1398
487 1431
487 1757
487 1847
487 2110
487 2180
487 2431
487 2565
488 539
488 1248
488 2147
488 3212
488 3250
488 3308
489 516
489 651
489 825
489 896
489 1008
489 1895
489 3618
490 788
490 1237
490 2445
492 506
492 2451
492 3328
495 588
495 785
495 2487
495 2737
496 623
496 901
496 1196
496 1495
496 1674
496 1703
496 1884
496 2090
496 2152
496 2806
497 542
497 994
497 1247
497 3950
498 589
498 632
498 892
498 943
498 993
498 1609
498 1828
498 2544
498 2945
498 3099
500 750
500 976
500 1265
500 1347
500 1488
500 1601
500 1718
500 2200
500 2302
500 2378
500 3583
501 1783
501 3390
502 2354
502 2461
502 3979
503 530
503 1019
503 1211
504 798
504 997
504 1199
504 2660
504 3065
505 821
505 2120
505 3453
505 3622
506 518
506 661
506 1835
506 2919
506 3011
506 3425
507 535
507 2477
507 2980
507 3882
508 614
508 630
508 1131
508 1457
508 1549
508 1976
508 2581
508 3271
508 3484
509 816
509 1433
509 1624
509 3588
510 2708
510 3244
510 3922
512 684
512 916
512 1492
512 1738
512 1741
512 2447
512 2564
512 2744
512 2958
512 3312
512 3641
513 761
513 1273
513 1626
513 2099
513 2104
513 3644
513 3880
515 2775
516 607
516 878
516 2178
516 2210
517 2097
517 2100
517 3261
517 3493
517 3864
518 1185
518 1383
518 2242
518 2514
518 3260
518 3695
519 1417
520 2318
520 3836
521 769
521 2143
521 3699
522 1244
522 3409
522 3468
522 3634
524 1369
524 2116
524 2500
525 1078
525 1612
525 2030
525 2113
525 2486
525 2727
526 588
526 3215
527 841
527 868
527 1110
527 1282
527 1376
527 1711
527 2675
527 2890
527 3368
527 3921
528 845
528 1109
528 1142
528 2200
528 3430
529 1045
529 2117
531 573
531 1048
531 1814
531 2718
532 2641
533 536
533 2495
534 1335
535 628
535 811
535 953
535 1000
535 1623
535 2762
535 2776
535 3111
535 3141
536 667
536 849
538 1119
538 1853
538 2248
539 643
539 1335
539 1701
539 1766
539 2277
539 3165
539 3741
540 882
540 1081
540 1551
540 2780
540 3067
541 1553
541 1958
541 2478
542 578
542 844
542 1101
542 1504
542 1521
542 2022
542 3511
544 1387
545 1830
545 2138
545 2343
545 2608
545 2625
545 3448
546 1634
546 2017
546 3338
546 3567
547 697
547 3633
548 944
548 1080
548 2275
548 2358
548 3171
548 3452
549 830
549 1161
549 1207
549 1819
549 1891
550 3472
550 3735
551 1855
551 2362
551 2373
551 3107
552 642
552 652
552 846
552 890
552 1314
552 1482
552 1519
552 1526
552 3611
552 3703
552 3929
552 3958
553 1595
554 2619
554 3324
554 3460
555 1372
556 1343
557 1087
557 1780
557 1883
557 3712
558 1411
558 1746
558 3003
559 911
559 3496
561 665
561 1222
561 1292
561 1499
561 1983
561 2747
561 3242
562 2788
562 3719
563 594
563 665
563 1264
564 653
564 1487
564 3547
565 792
565 827
565 1329
565 1756
565 1991
565 3458
567 672
568 1172
568 1358
568 1967
568 2001
568 2665
568 2973
569 1279
569 1969
569 2272
569 3485
569 3913
571 1802
571 2115
572 2101
573 668
573 768
573 1109
573 1178
573 1881
573 2646
573 2728
573 2924
573 3525
574 1621
574 2118
575 612
575 663
575 1036
575 1232
575 2068
575 2647
575 3141
576 580
577 1600
577 1715
577 3110
578 2308
578 2667
578 3006
580 982
580 1735
580 2045
580 2212
580 2260
580 2521
581 902
582 2578
583 1054
583 1316
583 2155
584 720
584 1493
584 1796
584 2993
585 1558
585 2470
585 3938
586 718
586 1122
586 1135
587 668
587 716
587 885
587 1886
587 2666
587 3018
587 3430
587 3916
588 928
588 1039
588 1048
588 1340
588 2063
588 3126
588 3833
589 1051
589 1514
589 2439
589 3151
589 3489
589 3683
590 733
591 1557
592 1296
592 1310
592 2165
592 3146
592 3350
592 3442
594 2440
594 2852
595 1011
595 1021
595 1223
595 2842
596 603
596 2295
597 2878
602 1622
603 917
604 2759
604 2923
605 876
605 886
605 951
605 1242
605 1826
605 2213
605 3472
605 3715
606 1385
606 1767
606 2350
607 1357
607 1378
607 1431
607 3725
608 837
608 931
608 942
608 2650
609 843
609 1245
609 2355
609 2772
609 3064
609 3522
610 2441
611 890
611 1065
611 2119
611 2360
611 2966
611 2994
613 700
613 718
613 1106
613 1133
613 1450
613 2341
613 3158
614 872
615 1164
615 2020
616 1348
616 1567
616 2243
616 2595
616 3108
616 3425
617 1311
617 1875
617 1894
617 2486
617 3102
618 844
618 863
618 1386
618 2008
618 3321
619 802
619 1326
619 2011
620 3187
621 1627
621 2554
622 3122
622 3657
624 2106
625 719
625 850
625 928
626 918
626 1192
626 1559
626 1943
626 2075
626 2732
626 3186
626 3848
627 757
627 1251
627 2879
627 3800
627 3900
628 1347
628 3487
629 959
629 1020
629 1878
629 2880
629 2910
629 3003
629 3039
630 2074
632 734
632 2639
633 1848
633 1927
633 2311
633 3894
634 1005
634 3459
635 913
635 1707
636 1076
636 1134
636 1209
636 1448
636 1524
636 2340
636 3395
637 1943
637 3055
638 1792
638 1980
638 3192
639 1322
639 1608
639 2321
639 3316
640 899
640 1359
640 1536
640 1719
641 1609
641 1951
641 2297
641 2676
641 2784
642 748
642 826
642 960
643 897
643 961
643 1057
643 1112
643 1122
643 1142
643 1402
643 1427
643 2039
643 2286
643 2382
643 2577
643 2579
644 1172
645 1403
645 1689
645 3818
645 3911
646 3896
647 1473
647 1785
647 3524
647 3812
648 2016
648 2073
648 2451
648 3238
648 3883
649 2230
649 2766
649 3591
650 1895
650 3609
651 1227
651 1641
653 3102
653 3970
654 656
654 744
654 920
654 1041
654 1220
654 1870
654 2048
654 2109
654 2127
654 2436
654 2690
654 3225
654 3416
654 3973
655 1490
655 2375
655 2797
655 3249
656 2508
656 2963
656 3060
657 3528
658 696
658 727
658 1194
658 1367
658 1639
658 1811
658 2337
658 2887
658 2931
658 3179
658 3586
659 764
659 936
659 960
659 1838
659 2302
659 2601
659 3491
660 724
660 3357
661 800
661 1389
661 1390
661 1397
661 2464
661 3019
662 816
662 1075
663 1872
663 1897
664 2851
664 3907
665 1428
665 2444
666 1261
666 3932
667 1037
668 1771
668 1981
669 1414
669 1453
669 2448
669 3130
670 1092
671 1345
671 1581
671 2712
672 855
672 2358
672 2453
673 1327
673 2317
673 2390
673 3484
674 685
674 1713
674 2792
674 3509
675 3293
675 3735
676 888
676 1520
676 1584
676 2456
677 724
677 1494
677 3529
678 1201
678 2028
678 2771
678 3613
678 3809
679 1053
679 1286
679 1496
679 1497
679 1741
679 2124
679 2348
679 2384
679 3048
679 3117
680 732
680 804
680 1716
681 3594
682 3826
683 2720
683 3156
684 965
684 1002
684 1710
684 1788
684 2592
686 993
686 3189
687 1009
687 1910
687 1921
687 2058
687 2673
687 3052
687 3221
688 936
688 2528
689 1726
689 2934
690 701
690 1022
690 1869
690 2794
691 1379
691 1626
691 3733
692 1212
692 3416
692 3758
692 3953
693 775
693 1129
693 1188
694 749
694 1683
694 3302
695 1169
695 2255
695 2560
695 3269
696 1957
696 2631
696 2723
697 1118
697 1231
697 1664
697 2326
697 2730
697 2940
697 3970
697 3984
699 979
699 1073
699 1545
699 3466
700 1124
700 1293
700 2162
700 2204
700 3977
701 932
701 1128
701 1160
701 1275
701 2307
701 2446
701 2816
701 3237
701 3500
702 710
703 765
703 988
703 2254
704 1917
704 3368
705 3183
705 3980
706 1681
706 2970
706 3995
707 810
707 1015
707 2482
707 3148
707 3686
708 1281
708 1456
708 2430
708 2716
708 2909
709 875
709 980
709 1081
709 1860
709 2300
709 2684
709 3300
710 974
710 1970
710 2589
710 3417
711 3843
712 807
712 2260
712 2791
712 3794
713 1560
715 1312
715 1765
715 2018
715 2359
715 3767
716 1410
718 2647
718 3181
719 1981
719 2699
719 3694
720 1422
720 3146
722 780
722 1264
723 808
723 3295
726 1050
726 1278
726 2320
726 2340
727 2517
728 1038
728 3199
729 2169
729 3539
732 1028
732 1915
732 2593
732 2742
732 2833
732 3066
734 1030
735 805
735 1459
735 1510
735 2091
735 2788
735 3593
735 3891
736 1589
736 3316
737 1340
737 2255
737 2291
739 2319
739 2419
739 2570
739 2696
739 3050
739 3805
741 2585
741 2987
742 789
742 2576
744 854
744 915
744 1633
744 2013
744 2893
745 1163
745 1885
745 2400
746 771
746 2013
746 2452
747 2158
747 2359
749 1219
749 1535
749 2069
749 2259
749 2411
749 2605
750 792
750 1341
750 2332
752 2249
752 2432
753 888
753 2953
754 762
754 825
755 1018
755 2185
755 2871
755 3033
755 3417
755 3879
756 952
756 1520
756 1804
756 3047
756 3246
757 1292
759 982
759 1407
760 2082
760 2827
761 2139
761 2841
761 2893
761 3173
761 3574
761 3666
762 1228
762 2989
762 3002
763 773
763 972
763 1151
763 1182
763 1353
763 2058
763 2626
765 918
766 1483
766 2084
766 2658
766 3722
767 1582
767 2510
767 2754
769 916
769 1772
769 1849
769 2156
769 3940
770 3588
771 785
772 870
772 951
772 1127
772 1514
772 2222
772 2891
772 3120
772 3780
774 797
774 934
774 1105
774 1571
774 2509
775 3057
775 3394
776 1426
776 3964
777 2244
778 938
778 1015
778 1143
778 2195
778 3161
779 1916
781 1013
781 1375
781 3773
787 3814
788 1035
788 1317
788 3182
788 3520
789 1843
789 2903
789 3049
790 1573
791 834
791 1786
791 1902
791 3391
793 1006
793 1898
794 945
795 1077
795 1932
795 2551
796 958
796 1253
797 1447
797 1655
798 877
798 1580
801 907
801 1233
801 2640
802 2743
802 3909
803 828
803 3936
804 1107
804 1359
804 2087
805 3512
806 939
806 1534
806 2840
806 3788
807 3094
807 3288
808 1017
808 1223
808 1511
808 1615
808 1803
808 3550
809 873
809 2879
810 866
810 974
811 1614
811 2416
811 2578
811 2807
812 893
813 1469
813 2317
813 3043
813 3224
814 3819
815 1238
815 1601
815 1841
815 2177
815 2299
815 2609
817 3962
818 1349
818 1373
818 3134
818 3198
818 3358
818 3553
818 3572
818 3860
819 2184
819 2237
819 2650
819 3713
819 3999
820 2309
820 3203
821 1486
821 2285
822 2357
823 2829
824 837
824 3405
827 2266
828 1425
828 3232
829 1282
829 2505
829 3081
830 1597
830 3629
831 852
831 1167
831 1257
831 1845
831 2123
831 3903
831 3963
832 838
832 1007
832 1071
832 3666
832 3700
833 2230
834 1092
834 1099
834 1530
834 2237
834 2482
834 3016
834 3607
835 3101
836 2777
837 1582
837 2497
837 3933
838 2657
839 921
839 1727
839 1839
839 2055
839 2789
840 1011
840 1127
840 1694
841 1385
842 2124
842 3925
844 867
844 1618
844 2437
844 2772
845 907
845 1523
845 1980
845 2988
846 1365
846 1953
847 1720
848 1324
848 1597
849 881
849 1421
849 2552
849 3226
850 1706
851 1656
851 3768
851 3816
853 2062
853 2469
853 2472
853 2859
853 2975
853 3016
853 3169
854 3736
855 1030
855 2296
855 2789
856 3542
858 1179
858 1318
858 3042
858 3158
859 1527
860 864
860 925
860 3075
860 3680
862 1754
862 1846
862 2170
863 1619
863 2569
863 2718
863 3793
866 1032
866 1202
866 1669
866 1989
866 2714
866 2954
866 3903
867 1055
869 3159
869 3867
870 2721
871 1362
871 2206
871 2802
872 1676
872 1824
872 2129
872 2480
872 2912
873 1990
873 2474
873 3770
874 3258
874 3546
874 3895
875 1158
875 2448
875 2603
875 2905
876 1583
876 2175
877 2465
878 3292
878 3747
878 3871
879 1956
879 1998
880 891
880 3717
882 1988
883 884
883 898
883 2078
883 2366
883 2557
885 1465
885 2073
886 1234
886 1438
886 1703
886 2398
890 1077
890 2845
890 3406
890 3582
891 3168
893 2999
894 1356
894 1441
894 2412
897 1405
897 3475
898 1253
898 1302
898 1714
898 2793
899 3560
900 1835
901 1023
901 1186
901 3672
902 1443
904 1944
905 1389
905 1423
905 3631
908 3449
909 1210
909 1671
910 1115
912 922
912 1149
912 2733
914 2928
915 1041
915 2065
915 2182
915 2396
917 2118
917 2820
918 3473
920 1138
920 1160
920 1354
920 1747
920 2185
920 2874
920 3184
921 2438
922 1650
923 2367
923 2518
925 1052
925 3514
926 1464
927 2091
927 2287
927 2884
927 3011
928 1071
928 3643
928 3884
929 946
929 1729
929 3617
930 2074
931 1654
934 1572
934 3065
935 962
935 1131
935 2166
935 3853
936 1392
936 1418
936 1936
936 2198
936 2407
936 2463
936 2761
936 3596
936 3815
937 2687
938 1067
938 1548
938 2624
939 1070
939 1369
939 3021
939 3859
940 1067
940 2658
940 3865
941 1526
941 2417
941 2771
942 3015
943 1532
943 2573
944 1102
944 2239
944 3001
945 1013
945 1038
945 1176
945 2361
945 3091
945 3351
945 3590
946 1073
946 1424
946 2369
946 2664
946 2862
946 3027
946 3402
948 1074
948 1277
948 3988
949 3413
950 1334
950 2341
952 2799
953 988
953 2271
954 1584
954 2305
954 2515
954 2536
954 3247
955 1257
955 3470
956 2178
957 1345
958 1633
958 2825
958 3538
960 1489
960 1570
960 1739
960 2803
961 2053
961 2096
961 2748
962 3216
964 2669
964 3020
964 3436
965 1404
965 1504
967 2227
968 2130
968 3104
968 3281
969 2024
969 3029
969 3965
970 971
970 1445
970 2356
970 2696
970 2937
972 2779
973 3181
973 3421
974 1267
975 3637
980 1148
980 2581
981 1108
981 1342
982 1301
982 1435
982 2674
982 3118
982 3494
982 3858
986 1960
987 1937
987 2741
987 2896
987 3791
988 2717
989 3982
990 1807
990 3025
991 2184
991 2437
991 2604
991 3481
993 2435
993 2535
994 1779
995 1452
995 3635
996 1346
996 1769
996 1896
996 3365
999 2637
1001 2035
1002 1748
1002 2740
1006 1360
1006 1695
1006 1864
1006 2179
1006 2189
1006 3038
1006 3382
1006 3923
1007 1577
1007 1717
1007 3420
1008 1604
1008 2414
1009 2883
1009 3511
1010 3719
1012 2877
1012 2981
1012 3008
1012 3726
1013 2161
1013 2300
1013 2368
1014 1117
1014 2148
1014 2712
1015 3362
1016 1546
1016 2707
1016 3152
1016 3813
1017 1659
1017 2561
1018 1468
1018 3035
1019 2171
1020 2342
1020 2536
1022 1402
1023 3670
1023 3949
1024 2408
1024 3514
1025 2648
1025 3630
1027 2349
1027 2432
1027 3174
1027 3282
1028 3358
1029 1503
1029 3231
1029 3776
1029 3816
1032 3336
1033 1753
1033 2977
1034 2061
1034 2885
1034 3259
1035 1199
1035 1945
1035 2209
1035 2241
1035 2400
1035 2734
1036 1094
1036 1270
1036 1600
1036 3125
1037 1563
1037 1750
1037 1952
1037 2352
1037 2510
1037 2550
1037 2668
1037 3587
1037 3927
1038 1103
1038 2402
1038 3691
1039 1907
1039 2108
1043 1700
1043 2594
1045 1219
1045 1661
1045 2238
1045 3045
1046 2071
1047 1684
1047 3306
1049 3400
1050 1307
1050 3347
1051 1822
1052 1731
1052 2636
1052 2858
1052 3631
1053 2052
1053 2382
1053 2797
1055 3370
1056 1271
1056 1461
1056 1567
1056 2933
1056 3792
1056 3804
1057 1132
1057 3057
1057 3078
1058 1666
1059 1189
1059 2830
1059 3117
1060 3210
1061 1080
1061 2881
1061 3566
1061 3823
1062 1321
1062 2258
1062 3202
1062 3849
1063 3954
1064 2694
1065 1882
1065 2291
1065 3841
1066 1318
1066 1644
1066 3115
1066 3574
1067 2415
1068 2327
1069 1415
1069 3954
1070 3436
1071 2129
1072 1519
1072 1836
1072 2105
1072 2252
1072 2323
1072 3723
1073 2537
1073 2681
1074 1236
1074 1492
1075 1817
1075 2190
1075 2271
1075 3619
1076 1079
1076 2946
1076 3026
1079 1736
1079 2724
1081 1657
1082 1107
1082 1114
1082 1812
1082 1963
1082 3274
1083 2949
1083 3477
1084 2203
1085 1632
1085 1739
1085 2310
1085 3434
1087 1509
1087 2089
1087 2331
1087 2607
1087 2764
1087 2902
1087 2983
1088 2630
1088 3116
1088 3641
1089 1540
1089 3943
1090 3655
1090 3736
1091 1374
1091 1765
1091 2267
1091 3804
1093 1096
1093 1197
1093 1408
1093 1865
1093 2134
1093 2999
1093 3317
1093 3479
1094 3129
1095 1989
1095 2552
1095 3851
1096 1276
1096 1471
1096 1493
1096 1784
1096 2940
1097 1944
1097 2926
1098 2345
1098 2460
1098 3027
1099 2006
1099 2306
1099 2360
1099 2424
1099 2667
1101 3083
1101 3380
1102 2371
1102 2417
1102 2857
1103 2971
1104 1668
1105 1334
1105 1859
1105 1995
1105 2033
1106 1306
1107 2093
1107 2526
1108 1123
1108 1578
1108 1649
1108 2314
1108 2323
1110 2530
1110 2651
1111 2061
1111 2781
1112 2102
1113 2921
1114 1579
1114 2583
1114 3278
1114 3759
1115 2025
1115 2743
1115 3891
1116 2024
1116 3343
1116 3660
1117 1698
1117 1882
1117 3498
1118 1472
1118 2289
1118 2494
1118 3580
1119 3333
1121 1623
1121 3582
1123 1532
1125 1905
1125 2987
1126 1350
1126 2902
1126 3160
1126 3873
1127 1338
1127 3094
1128 2321
1131 1196
1131 2551
1133 1272
1133 1285
1133 1670
1133 2304
1133 2845
1133 3210
1134 2661
1134 3438
1135 3021
1135 3284
1135 3508
1135 3608
1135 3814
1136 2516
1137 1290
1137 3505
1140 2044
1140 2422
1140 2888
1142 1361
1142 2215
1143 3392
1145 1708
1147 1157
1148 1442
1148 2101
1148 2456
1150 1423
1150 2427
1151 1512
1151 1922
1156 3447
1158 2224
1159 1728
1159 1827
1160 3756
1161 2617
1161 3427
1162 1449
1162 1858
1162 1965
1162 2563
1162 2757
1162 3329
1162 3939
1163 1217
1163 1458
1163 3595
1164 1200
1164 2454
1164 2810
1164 3990
1166 2484
1167 3652
1168 1206
1168 2933
1169 2978
1171 1508
1171 1776
1171 2450
1171 2473
1171 3185
1171 3506
1172 1654
1173 1902
1173 2218
1174 3870
1175 2765
1177 1701
1177 3476
1179 2760
1181 1825
1181 2221
1181 3243
1181 3315
1182 1462
1183 1217
1183 1733
1183 1866
1183 3128
1184 1323
1186 1354
1186 1562
1186 1723
1186 1764
1186 2677
1186 2723
1186 2817
1186 2868
1186 3105
1186 3164
1186 3753
1186 3803
1187 2216
1188 3247
1189 1872
1190 1659
1191 1313
1191 1548
1191 1572
1191 1951
1191 3991
1192 1464
1192 2965
1193 1466
1194 1205
1194 1287
1194 1614
1195 1467
1196 2425
1196 3764
1197 2944
1197 3265
1198 3234
1198 3317
1199 2172
1200 2499
1200 2857
1203 2736
1203 3123
1205 2531
1206 1413
1206 1531
1206 3987
1208 2007
1208 3175
1208 3444
1209 1408
1209 1583
1209 1832
1209 2674
1209 3352
1209 3737
1209 3898
1210 3405
1210 3844
1213 1533
1213 2066
1213 2942
1214 2175
1214 3414
1215 1238
1215 1705
1215 2007
1216 1249
1216 1752
1216 3599
1217 2025
1217 3243
1217 3315
1218 3790
1221 2238
1221 3156
1222 2932
1223 1774
1225 1726
1225 1749
1226 1259
1226 1418
1226 2582
1227 2214
1228 1361
1228 2894
1228 3905
1229 1239
1229 1295
1229 1430
1229 1564
1229 2243
1229 3228
1233 1570
1233 2471
1234 1775
1234 2506
1234 3621
1235 2872
1235 3547
1237 2078
1239 2070
1239 2422
1239 2507
1239 3558
1239 3763
1241 1429
1241 1621
1241 3354
1242 1466
1242 3483
1244 2254
1244 2446
1244 3313
1246 2077
1246 2385
1246 3383
1246 3601
1247 1885
1249 1717
1249 3863
1250 2871
1250 3190
1251 1350
1253 2860
1253 3031
1254 2671
1255 2158
1256 1400
1256 1525
1256 1810
1256 2459
1258 2854
1260 1589
1260 2443
1261 2801
1261 2956
1263 1842
1263 3728
1264 1313
1264 2181
1266 3215
1267 3012
1267 3564
1268 3326
1268 3608
1269 1315
1269 1599
1269 1969
1269 3299
1271 1624
1272 1281
1272 1657
1273 1498
1273 1530
1273 1810
1273 2036
1273 2957
1273 3765
1274 1278
1276 1622
1276 2662
1276 2955
1278 2033
1278 3696
1279 3143
1281 3512
1282 1485
1282 1751
1282 1942
1282 1998
1282 2032
1282 2799
1282 3091
1282 3376
1283 2740
1284 1976
1285 1987
1285 2055
1285 3331
1285 3597
1286 1941
1288 1957
1288 2337
1288 3968
1289 1784
1289 3297
1290 1914
1290 2418
1290 3721
1291 1390
1292 1834
1292 1968
1292 2049
1294 1363
1294 3174
1295 1546
1295 3453
1296 1580
1296 1645
1296 2126
1296 3630
1296 3750
1297 1419
1297 1728
1297 3018
1297 3356
1298 1538
1298 1713
1301 3995
1302 2338
1302 2559
1304 1992
1305 1761
1305 2928
1306 1805
1306 2809
1308 2813
1309 2352
1309 2362
1309 2865
1311 1604
1311 1667
1311 2483
1311 3639
1311 3642
1312 1663
1319 1477
1319 1573
1319 1869
1319 2221
1319 2773
1319 2961
1319 2989
1321 1804
1321 2504
1321 2951
1321 3573
1321 3587
1323 2687
1323 3912
1324 3438
1325 1434
1325 2445
1326 1545
1326 1958
1326 2079
1326 2634
1326 3089
1326 3581
1326 3837
1327 3000
1329 2606
1330 1674
1331 1364
1331 2089
1331 2354
1331 2739
1331 3154
1332 3047
1332 3211
1333 3118
1334 1563
1334 3649
1337 2051
1338 1710
1338 2485
1339 1516
1339 3671
1343 3334
1343 3706
1346 2010
1346 2812
1347 1679
1347 1688
1347 1871
1347 2002
1347 3431
1350 3276
1350 3326
1351 3310
1352 1387
1353 2114
1353 2524
1353 2803
1353 3139
1355 1541
1355 1588
1355 2150
1355 2538
1355 2880
1355 2969
1355 3201
1355 3230
1355 3251
1356 1715
1357 1375
1357 1396
1357 2112
1357 2755
1358 3149
1360 3280
1360 3488
1362 2115
1363 1540
1363 1602
1363 1711
1363 2434
1363 3664
1363 3796
1364 2610
1364 2621
1364 3241
1364 3553
1365 1596
1366 2277
1371 3256
1372 2026
1373 2816
1374 3383
1374 3537
1374 3677
1377 2380
1378 1676
1378 2580
1378 2912
1378 3419
1380 2426
1380 2848
1381 1971
1381 3915
1383 1737
1383 3295
1383 3659
1384 1742
1385 1663
1385 1905
1386 2389
1386 2550
1387 2381
1387 3850
1387 3918
1388 2234
1388 2418
1388 2749
1388 3450
1391 2728
1392 1945
1392 3959
1393 1682
1393 2547
1393 3503
1395 1512
1395 1861
1398 3223
1400 1799
1401 1814
1401 2019
1401 2588
1403 2876
1404 1497
1404 1900
1404 2296
1404 3437
1404 3866
1405 2991
1406 1551
1408 1475
1408 3437
1409 1993
1409 2181
1409 2413
1410 1587
1411 3041
1415 2568
1417 1680
1418 2791
1420 1984
1420 2342
1420 2861
1420 3830
1420 3941
1422 1977
1422 2890
1422 3325
1424 2107
1424 2147
1424 2344
1425 1494
1425 1635
1425 1809
1425 2141
1425 2183
1425 2466
1425 3283
1427 1543
1429 2996
1430 1678
1433 3806
1434 2574
1434 3127
1434 3562
1435 2165
1435 2548
1435 3897
1436 2213
1438 1500
1438 1955
1438 2716
1438 2964
1439 3829
1440 1689
1440 2064
1440 2490
1440 3583
1441 3691
1441 3913
1442 1469
1442 2240
1443 2764
1443 3924
1444 2035
1444 3197
1445 2843
1446 1522
1446 1729
1446 1979
1446 3050
1446 3707
1448 1879
1449 1979
1449 3695
1451 1642
1451 1961
1453 3861
1454 2782
1456 2119
1457 3283
1458 2011
1458 2907
1460 1660
1460 3883
1461 2133
1461 2344
1463 3277
1464 2685
1464 3227
1465 2790
1465 3072
1467 1920
1467 2160
1468 2724
1469 1630
1469 2339
1469 2677
1469 3986
1470 1806
1470 2688
1471 1793
1471 1800
1471 3357
1471 3758
1473 2883
1473 3952
1474 1852
1474 2831
1475 2613
1476 1767
1476 1798
1476 2539
1476 2625
1476 2972
1480 1808
1481 3122
1483 1734
1484 2070
1485 2017
1487 2219
1490 2877
1491 2440
1491 2829
1494 1938
1495 3235
1496 3690
1501 2746
1502 3742
1504 2167
1504 2348
1504 2460
1505 2151
1505 2401
1505 3058
1507 1667
1507 2649
1507 3557
1507 3925
1508 2152
1508 3418
1511 3036
1512 1672
1512 1826
1512 2514
1512 3813
1513 3314
1514 2497
1515 3743
1516 3253
1517 1652
1518 2853
1519 3193
1519 3494
1520 3088
1520 3162
1520 3739
1524 3872
1525 3054
1527 1853
1527 2920
1527 3045
1527 3192
1528 1590
1529 1973
1530 1535
1530 1909
1530 2472
1530 3600
1531 2223
1531 2856
1533 1671
1533 1727
1533 2253
1533 2377
1533 2787
1534 1833
1534 3624
1534 3752
1535 2381
1535 2501
1536 1539
1536 1960
1536 2502
1536 2994
1536 3199
1539 1791
1540 1956
1540 2047
1541 2042
1541 2378
1541 3302
1543 3884
1545 1886
1546 3576
1549 1647
1555 3166
1556 1937
1556 2225
1561 1785
1561 2959
1561 3085
1561 3535
1561 3878
1562 1776
1563 3180
1563 3715
1564 2339
1564 3732
1565 3149
1569 2549
1571 1829
1571 2062
1571 2236
1571 3834
1571 3982
1574 2655
1575 3274
1576 1772
1576 1947
1577 2636
1577 2818
1577 3037
1577 3204
1577 3957
1578 2163
1578 2534
1578 2800
1580 2328
1580 3004
1580 3899
1581 2960
1581 3677
1582 1610
1583 3541
1584 1666
1584 1923
1584 2110
1584 3233
1585 1994
1585 3465
1590 1744
1590 2768
1590 2867
1591 2939
1593 1753
1593 3076
1595 2528
1595 3828
1596 1883
1599 2131
1602 2479
1603 1707
1603 1829
1603 1964
1603 2100
1603 2241
1604 2898
1606 2807
1608 3480
1614 2057
1614 2543
1614 2621
1615 3699
1616 1709
1616 1842
1616 2334
1618 3445
1619 3399
1623 3602
1628 2863
1629 1754
1631 2247
1631 2504
1631 3928
1632 3936
1633 1704
1634 2068
1634 2249
1634 2371
1634 2619
1634 2742
1634 3366
1637 2191
1640 2264
1641 2130
1641 2204
1641 3051
1641 3408
1642 2201
1643 1816
1643 2426
1643 3480
1644 2198
1645 1862
1645 2049
1645 2122
1646 3214
1647 1935
1647 2136
1648 2561
1648 2566
1650 1991
1650 2854
1651 2022
1651 2946
1653 2519
1653 3009
1654 1954
1655 1681
1656 1865
1656 2281
1656 2346
1656 2393
1656 2631
1656 2886
1656 2969
1657 2888
1657 2967
1658 3636
1659 1903
1659 2173
1660 1702
1660 1730
1660 1758
1660 1764
1660 2346
1660 2495
1660 3262
1660 3851
1661 2164
1661 3282
1661 3984
1662 3584
1665 3620
1666 2322
1667 1949
1668 1950
1668 2111
1668 3433
1669 1742
1671 1850
1672 2644
1672 2796
1673 2202
1673 3120
1673 3279
1679 3128
1679 3411
1680 2411
1680 3200
1682 2003
1682 2653
1682 2860
1683 2518
1683 3154
1685 2315
1685 2326
1686 2366
1686 2827
1687 1700
1689 3293
1690 2395
1692 2199
1696 2353
1697 3164
1698 2990
1699 2892
1703 1871
1705 3066
1705 3845
1708 2525
1710 2488
1712 3690
1713 3046
1713 3563
1714 1724
1714 2539
1715 2896
1717 3855
1718 2026
1718 2085
1719 2526
1720 3096
1721 3953
1722 2589
1724 1782
1726 1838
1730 2566
1730 3625
1731 2895
1734 2921
1736 2475
1736 2519
1738 2556
1744 1892
1744 2168
1744 3191
1745 2962
1747 3442
1750 3213
1750 3788
1752 2679
1753 2386
1755 3044
1755 3483
1756 3168
1757 3845
1758 1880
1758 2095
1758 2725
1759 2036
1759 3394
1759 3412
1761 1777
1761 2246
1761 2686
1761 2984
1762 2257
1762 2757
1763 2290
1763 3726
1764 2686
1765 2274
1765 2479
1765 2931
1765 3629
1767 2032
1768 2176
1768 3067
1768 3825
1769 3959
1770 2908
1771 3799
1773 2738
1774 2004
1774 2087
1774 2192
1774 2269
1774 2885
1774 3034
1776 3490
1777 1917
1777 2678
1777 3731
1778 1893
1778 2076
1779 2122
1779 2406
1781 2208
1781 2564
1782 1812
1782 1996
1782 3081
1782 3151
1783 1845
1783 2318
1783 2560
1784 1903
1784 2864
1784 2875
1784 3761
1786 2862
1790 1992
1790 2194
1791 3679
1791 3737
1794 1822
1794 2596
1794 2886
1794 3656
1794 3667
1794 3668
1795 2392
1799 2146
1800 2545
1800 2704
1802 1868
1802 1899
1802 3412
1802 3929
1802 3978
1803 2670
1804 2109
1804 3344
1806 2643
1810 1889
1812 2810
1812 2850
1813 2113
1815 3635
1815 3701
1816 3708
1817 2331
1817 2611
1817 3886
1819 2308
1819 2622
1821 2263
1825 3513
1829 1964
1829 2409
1830 2283
1830 2555
1830 3108
1830 3254
1832 1877
1832 3305
1832 3820
1833 2210
1833 2922
1841 2492
1842 1909
1842 2670
1843 2483
1845 2916
1845 3914
1846 3330
1846 3854
1849 2054
1851 3838
1856 3790
1857 2659
1857 3548
1858 2261
1858 2376
1860 2064
1860 3857
1862 1939
1863 3668
1864 2383
1865 2071
1867 2251
1867 2618
1867 2882
1867 3010
1867 3532
1867 3855
1869 2229
1870 2102
1870 3456
1871 1967
1877 2347
1878 2458
1878 3040
1878 3290
1879 3481
1879 3910
1883 3534
1884 3692
1885 2094
1885 3284
1887 2048
1887 2739
1888 3090
1889 3835
1891 2351
1892 3113
1894 2473
1899 3267
1899 3875
1900 2174
1902 2292
1902 3447
1905 2131
1906 2523
1906 3856
1906 3960
1907 2276
1907 3163
1907 3662
1910 2193
1911 3170
1912 3140
1913 2763
1914 2681
1915 2377
1918 2846
1919 2095
1919 2228
1919 3182
1920 2900
1921 3461
1921 3755
1924 2037
1924 2247
1924 2783
1927 2166
1929 2092
1930 3265
1931 2467
1933 2466
1933 3330
1934 3808
1937 2713
1939 3850
1939 3904
1942 2014
1944 3377
1944 3616
1945 2097
1945 2684
1945 3623
1947 3773
1949 1973
1950 2226
1950 3653
1953 3440
1957 2892
1958 1978
1958 2691
1960 2020
1960 2509
1960 3322
1968 3734
1969 2822
1969 2934
1969 3492
1971 3878
1973 2357
1974 2103
1974 2207
1974 3126
1974 3522
1974 3656
1974 3664
1975 2869
1976 2043
1977 2793
1977 3061
1978 2903
1979 2135
1979 2541
1979 3005
1979 3660
1981 2375
1981 2838
1981 2866
1981 3157
1982 3200
1982 3323
1989 2662
1989 3942
1990 3080
1990 3808
1991 3305
1992 3687
1994 2974
1994 3441
1998 3153
1998 3944
2000 2159
2000 2809
2003 2520
2003 3534
2003 3863
2004 3362
2006 3119
2007 3531
2008 2597
2010 2094
2011 2462
2012 2700
2012 3179
2012 3239
2012 3902
2013 2030
2013 3441
2014 2023
2015 3077
2015 3526
2015 3702
2021 2481
2021 2579
2022 3908
2027 2050
2027 2649
2030 2795
2032 2176
2032 3400
2034 2856
2035 2620
2035 2745
2036 2311
2037 2394
2037 2454
2038 2626
2038 2874
2040 2264
2040 2373
2040 2401
2040 3204
2040 3356
2040 3692
2041 3079
2043 2822
2043 3033
2043 3329
2048 2288
2048 2693
2051 3997
2055 2689
2057 2820
2058 3353
2060 2137
2060 2849
2060 3576
2064 3549
2065 2837
2065 3805
2067 2657
2072 2412
2072 2602
2076 2628
2076 2901
2076 3029
2077 3838
2080 2682
2080 3729
2080 3904
2083 3111
2083 3229
2085 2916
2085 3807
2090 3270
2091 2601
2092 2968
2093 3401
2095 2507
2095 2648
2097 2163
2099 3289
2099 3422
2103 2638
2104 3395
2106 3372
2109 3252
2110 2245
2111 3241
2112 2604
2112 3294
2115 3007
2116 3313
2125 3866
2128 3847
2129 3568
2131 2399
2134 3121
2138 2494
2143 2690
2143 3059
2143 3862
2145 2702
2146 3270
2147 2508
2148 2715
2152 3658
2154 3220
2155 2353
2156 3578
2158 3150
2158 3697
2159 2622
2161 3967
2166 2491
2167 3782
2168 2544
2168 3456
2168 3617
2168 3705
2170 2332
2173 3078
2174 3482
2179 2223
2183 3848
2185 3589
2186 2203
2186 3626
2186 3797
2187 3263
2191 2515
2191 3086
2191 3250
2191 3771
2192 3136
2192 3769
2194 2894
2194 3172
2194 3612
2196 3023
2196 3342
2197 3338
2198 3919
2200 3502
2202 2962
2203 2535
2206 3264
2207 2546
2209 2752
2210 2276
2212 2217
2212 3194
2217 2442
2221 2616
2221 3052
2222 3648
2222 3877
2222 3914
2223 3503
2224 2573
2225 2439
2225 2503
2225 2836
2229 3185
2229 3319
2229 3887
2231 3112
2232 2423
2233 3069
2234 2569
2235 2613
2238 2537
2238 3990
2240 3184
2241 2396
2241 2917
2254 2731
2262 2403
2264 2320
2264 2582
2264 3237
2267 2741
2267 3821
2268 2392
2269 3410
2271 2449
2272 3507
2273 2673
2273 3504
2275 2623
2275 2692
2275 3309
2275 3647
2277 3286
2280 2881
2280 3232
2283 2663
2283 3169
2283 3546
2284 2815
2285 3343
2289 2428
2289 3306
2292 2985
2296 2867
2298 2361
2298 3951
2303 2711
2305 3178
2306 2614
2306 2889
2311 2376
2311 2824
2311 3144
2311 3594
2312 3325
2315 3197
2317 2858
2323 3580
2325 2372
2325 3956
2329 3153
2330 2872
2332 3082
2333 3905
2338 3268
2339 2409
2340 3738
2342 3285
2343 2713
2343 2727
2343 2865
2343 3361
2344 2910
2344 3531
2345 3609
2346 2900
2346 3042
2347 3345
2349 2710
2350 2873
2351 2391
2351 2838
2351 3557
2352 2698
2354 2496
2354 3378
2355 3096
2356 3023
2358 3515
2361 2778
2361 3221
2362 2895
2365 3561
2366 3505
2368 2633
2368 3525
2373 3498
2373 3626
2382 2533
2382 3208
2382 3460
2383 2577
2383 3526
2386 2633
2386 3978
2388 2785
2392 2602
2392 3670
2393 2475
2393 2906
2393 2924
2393 3049
2393 3595
2396 2443
2396 3459
2396 3600
2398 2710
2404 3012
2405 3473
2409 2635
2409 3665
2412 3633
2413 3486
2415 3106
2415 3945
2415 3977
2417 2781
2420 2837
2422 3871
2426 3900
2428 3363
2429 3004
2431 3051
2437 2557
2438 2493
2438 3384
2444 2704
2447 2480
2449 2876
2459 3471
2460 2747
2460 3063
2467 3535
2468 2572
2468 3255
2468 3657
2468 3757
2470 2476
2470 2478
2471 3449
2471 3833
2477 2998
2477 3236
2477 3248
2480 2935
2480 3255
2485 2642
2486 2768
2487 2899
2489 3862
2490 2937
2490 3103
2494 3242
2494 3429
2496 2680
2496 2819
2496 2976
2496 3824
2498 3377
2500 2599
2500 3775
2502 3554
2504 2864
2504 2991
2504 3340
2505 3714
2516 2532
2520 3286
2524 3826
2525 3827
2528 3366
2531 2971
2533 2688
2535 2839
2536 3043
2540 3253
2541 3245
2543 3424
2550 2664
2550 3992
2553 2733
2553 2868
2556 3205
2556 3219
2558 2959
2558 3962
2558 3971
2563 3887
2564 2719
2565 2682
2565 3730
2565 3958
2569 2776
2570 3571
2572 2898
2572 3794
2575 3678
2576 2943
2584 2760
2585 3346
2587 3365
2589 3280
2592 2729
2595 3342
2596 2685
2597 3386
2598 2600
2604 3072
2604 3572
2606 2609
2610 3109
2611 3352
2612 3114
2616 3622
2617 2997
2617 3744
2620 3533
2629 3176
2629 3992
2630 2819
2634 2679
2638 2813
2639 2847
2649 3206
2651 2752
2651 2950
2651 3948
2654 2926
2654 3298
2654 3348
2654 3803
2661 3906
2662 2875
2662 3277
2671 3324
2675 2840
2676 3446
2677 3028
2685 3019
2685 3782
2687 3034
2690 2842
2695 3742
2696 3669
2699 3327
2699 3799
2699 3922
2716 3110
2718 2750
2720 2950
2720 3581
2722 2964
2726 3478
2729 2755
2733 2784
2734 3080
2735 3281
2736 3649
2738 3188
2741 3592
2741 3986
2742 2955
2742 3607
2746 2749
2746 3550
2746 3749
2746 3980
2749 2758
2750 3059
2751 2792
2751 3519
2760 3121
2762 3570
2763 3245
2763 3697
2764 2920
2764 2947
2766 3155
2766 3363
2771 3382
2774 3457
2777 3070
2781 2935
2781 3879
2782 3446
2787 3100
2788 3170
2788 3647
2789 3195
2789 3309
2790 3619
2798 3849
2799 3650
2804 3403
2805 2835
2806 3743
2807 3082
2813 3337
2814 3427
2814 3645
2820 3528
2823 3857
2830 3518
2831 3007
2832 3005
2832 3540
2832 3831
2834 3172
2846 2938
2849 3396
2849 3996
2852 3339
2853 2887
2854 3397
2855 3267
2861 3781
2865 3097
2865 3864
2867 3006
2867 3186
2870 3214
2872 3084
2872 3203
2877 3014
2880 3385
2880 3901
2881 3667
2887 3721
2889 3207
2889 3540
2894 3403
2899 3610
2902 3386
2902 3539
2913 3890
2915 3835
2917 3917
2918 3908
2922 3404
2923 3655
2924 3026
2924 3142
2925 3064
2928 3092
2928 3227
2937 3138
2946 3499
2952 3554
2956 3236
2957 3506
2960 3073
2960 3759
2962 3504
2966 3132
2967 3332
2968 3230
2969 3177
2972 3359
2974 3369
2974 3749
2980 3263
2981 3946
2982 3398
2984 3319
2987 3119
2988 3775
2990 3651
2994 3598
2995 3013
3001 3842
3004 3961
3006 3071
3006 3433
3008 3867
3010 3559
3014 3062
3017 3159
3025 3303
3030 3612
3032 3646
3033 3556
3036 3068
3038 3206
3038 3364
3039 3085
3040 3334
3040 3519
3041 3069
3050 3474
3053 3658
3053 3934
3055 3452
3062 3218
3067 3818
3073 3479
3077 3994
3079 3116
3080 3285
3080 3465
3080 3493
3080 3801
3080 3810
3082 3708
3083 3601
3084 3129
3086 3846
3089 3745
3089 3846
3090 3443
3113 3810
3117 3291
3121 3729
3125 3229
3125 3545
3128 3307
3131 3564
3138 3972
3139 3876
3141 3393
3152 3337
3163 3322
3164 3798
3168 3861
3170 3375
3174 3709
3179 3724
3192 3328
3194 3474
3196 3579
3203 3543
3206 3975
3212 3220
3215 3621
3221 3419
3223 3431
3223 3523
3223 3543
3232 3983
3234 3767
3245 3827
3247 3497
3249 3901
3250 3899
3252 3464
3256 3993
3279 3555
3283 3510
3284 3634
3285 3332
3285 3598
3285 3976
3287 3916
3289 3500
3313 3603
3334 3445
3335 3544
3338 3661
3351 3983
3353 3700
3353 3909
3356 3568
3366 3556
3368 3727
3371 3375
3380 3676
3386 3779
3398 3518
3401 3789
3403 3780
3411 3549
3411 3712
3411 3820
3412 3570
3426 3515
3435 3467
3442 3944
3444 3562
3444 3696
3453 3927
3454 3910
3463 3544
3464 3704
3480 3536
3485 3578
3505 3919
3508 3577
3509 3888
3528 3955
3529 3642
3529 3806
3530 3930
3533 3590
3535 3565
3546 3811
3568 3943
3577 3996
3579 3894
3583 3637
3585 3915
3593 3817
3600 3665
3601 3680
3602 3672
3606 3890
3610 3786
3618 3989
3645 3950
3646 3751
3656 3679
3660 3768
3673 3854
3675 3935
3678 3885
3715 3987
3725 3933
3732 3757
3734 3839
3742 3840
3751 3779
3753 3793
3789 3832
3804 3869
3805 3841
3812 3935
3847 3924
3864 3956
3879 3973
3941 3947
